MIN=-25	0	0	-2000	0	-30	-0,3	0	0
MAX=145	500	15	2000	250	30	0,3	20	0,105
SCALE=170	500	5	1000	100	10	0,1	10	0,05
DEC=0	0	2	0	1	2	4	2	4
DEF="Zeit" t / ms	"Frequenz" f / Hz	"Weg" s_A1 / cm	"Relativdruck" p_B1 / hPa	"Volumen" V / cm^3	"Spannung" U_B1 / V	"Spannung" U_A1 / V	"Heizstrom I" I / A	"Motorrotation" f_1 / 0
-25	0	7,95608339521615	992	342,615160084617	9,27	-0,06119	-8,15866666666667	0,0012695243179101
-24	3,90625	7,9403754319482	993	342,170624724134	14,085	-0,09374	-12,4986666666667	0,00155044869895567
-23	7,8125	7,9089595054123	993	341,281554003168	17,295	-0,11564	-15,4186666666667	0,00120380385751613
-22	11,71875	7,89325154214435	994	340,837018642685	18,765	-0,12569	-16,7586666666667	0,00157959452062322
-21	15,625	7,86183561560846	995	339,947947921719	18,48	-0,12389	-16,5186666666667	0,00153598930054938
-20	19,53125	7,83827367070653	996	339,281144880995	15,465	-0,10409	-13,8786666666667	0,00170402638396324
-19	23,4375	7,79900376253666	998	338,169806479788	11,325	-0,07634	-10,1786666666667	0,00209774795854301
-18	27,34375	7,75973385436679	1000	337,05846807858	6,06	-0,04109	-5,47866666666667	0,00205705709189002
-17	31,25	7,73617190946487	1003	336,391665037856	0,66	-0,00509	-0,678666666666667	0,00221953107512485
-16	35,15625	7,68119403802704	1006	334,835791276165	-4,155	0,02656	3,54133333333333	0,00374779329575293
-15	39,0625	7,64977811149115	1009	333,946720555199	-9,24	0,06061	8,08133333333334	0,0178978510244548
-14	42,96875	7,58694625841935	1013	332,168579113268	-14,07	0,09301	12,4013333333333	0,0738866165367483
-13	46,875	7,55553033188345	1018	331,279508392302	-17,265	0,11491	15,3213333333333	0,144527334915964
-12	50,78125	7,50055246044563	1022	329,723634630611	-18,735	0,12496	16,6613333333333	0,168681607608907
-11	54,6875	7,44557458900781	1027	328,167760868921	-18,465	0,12346	16,4613333333333	0,114769732742979
-10	58,59375	7,38274273593601	1032	326,389619426989	-15,465	0,10351	13,8013333333333	0,0432333475665042
-9	62,5	7,32776486449819	1037	324,833745665299	-11,325	0,07576	10,1013333333333	0,00613453670551902
-8	66,40625	7,27278699306037	1042	323,277871903608	-6,045	0,04051	5,40133333333333	0,00367308046385559
-7	70,3125	7,2021011583546	1049	321,277462781435	-0,66	0,00466	0,621333333333333	0,00229816528701643
-6	74,21875	7,1392693052828	1054	319,499321339503	4,14	-0,02669	-3,55866666666667	0,00157017297824921
-5	78,125	7,06858347057703	1061	317,49891221733	9,18	-0,06059	-8,07866666666667	0,00140555749772585
-4	82,03125	6,99789763587126	1068	315,498503095157	14,04	-0,09344	-12,4586666666667	0,00130864022550179
-3	85,9375	6,91935781953152	1075	313,275826292742	17,265	-0,11549	-15,3986666666667	0,00104091550653789
-2	89,84375	6,8643799480937	1083	311,719952531052	18,75	-0,12569	-16,7586666666667	0,000930189247629796
-1	93,75	6,77798615011998	1091	309,275008048395	18,51	-0,12404	-16,5386666666667	0,000921601336994018
0	97,65625	6,70730031541421	1100	307,274598926222	15,525	-0,10439	-13,9186666666667	0,000808486709512814
1	101,5625	6,62876049907446	1109	305,051922123807	11,4	-0,07664	-10,2186666666667	0,000726931477891423
2	105,46875	6,55022068273472	1118	302,829245321393	6,135	-0,04154	-5,53866666666667	0,000740313161796297
3	109,375	6,463826884761	1128	300,384300838736	0,735	-0,00554	-0,738666666666667	0,000665086566617614
4	113,28125	6,39314105005523	1138	298,383891716563	-4,08	0,02611	3,48133333333333	0,000613191246724965
5	117,1875	6,30674725208151	1148	295,938947233907	-9,135	0,05986	7,98133333333333	0,000618425976724652
6	121,09375	6,22035345410779	1159	293,49400275125	-13,995	0,09256	12,3413333333333	0,000574438990643847
7	125	6,14181363776805	1171	291,271325948836	-17,235	0,11476	15,3013333333333	0,000544197454351431
8	128,90625	6,05541983979433	1182	288,826381466179	-18,72	0,12481	16,6413333333333	0,000573003011053069
9	132,8125	5,96902604182061	1194	286,381436983523	-18,495	0,12361	16,4813333333333	0,000525970687294564
10	136,71875	5,89834020711484	1206	284,38102786135	-15,525	0,10381	13,8413333333333	0,000441563538989128
11	140,625	5,80409242750714	1220	281,713815698452	-11,385	0,07606	10,1413333333333	0,00153799027160943
12	144,53125	5,71769862953342	1234	279,268871215796	-6,135	0,04111	5,48133333333333	0,00407095745815868
13	148,4375	5,6313048315597	1247	276,82392673314	-0,735	0,00511	0,681333333333333	0,0060101711784887
14	152,34375	5,54491103358598	1263	274,378982250483	4,05	-0,02624	-3,49866666666667	0,00560153314941808
15	156,25	5,45851723561227	1278	271,934037767827	9,105	-0,05999	-7,99866666666667	0,00301157305703351
16	160,15625	5,37997741927252	1294	269,711360965412	13,965	-0,09299	-12,3986666666667	0,00104394655848979
17	164,0625	5,2935836212988	1309	267,266416482756	17,22	-0,11534	-15,3786666666667	0,000331864452632199
18	167,96875	5,20718982332508	1326	264,8214720001	18,735	-0,12554	-16,7386666666667	0,000329073360571039
19	171,875	5,13650398861931	1342	262,821062877927	18,54	-0,12419	-16,5586666666667	0,000301105678299366
20	175,78125	5,05011019064559	1359	260,37611839527	15,585	-0,10469	-13,9586666666667	0,000269406594946022
21	179,6875	4,96371639267187	1376	257,931173912614	11,46	-0,07709	-10,2786666666667	0,000267791812313579
22	183,59375	4,88517657633213	1394	255,708497110199	6,21	-0,04214	-5,61866666666667	0,000267972347288452
23	187,5	4,79878277835841	1411	253,263552627543	0,825	-0,00614	-0,818666666666667	0,000265134841595825
24	191,40625	4,73595092528661	1429	251,485411185611	-3,99	0,02536	3,38133333333333	0,000241571656096051
25	195,3125	4,64955712731289	1448	249,040466702955	-9,045	0,05926	7,90133333333333	0,00025912429810616
26	199,21875	4,57887129260712	1468	247,040057580782	-13,935	0,09226	12,3013333333333	0,000255257593827289
27	203,125	4,50033147626738	1488	244,817380778367	-17,205	0,11446	15,2613333333333	0,000259157264746769
28	207,03125	4,42179165992763	1508	242,594703975952	-18,72	0,12466	16,6213333333333	0,000230619231816272
29	210,9375	4,35110582522186	1529	240,594294853779	-18,525	0,12361	16,4813333333333	0,000222852056007288
30	214,84375	4,27256600888212	1551	238,371618051364	-15,585	0,10426	13,9013333333333	0,000230890666052961
31	218,75	4,20188017417635	1571	236,371208929191	-11,46	0,07666	10,2213333333333	0,000214967882119076
32	222,65625	4,13904832110455	1593	234,593067487259	-6,21	0,04156	5,54133333333333	0,000224119760313926
33	226,5625	4,06836248639878	1614	232,592658365086	-0,81	0,00571	0,761333333333333	0,000222557638254431
34	230,46875	4,00553063332699	1634	230,814516923154	3,975	-0,02579	-3,43866666666667	0,000228259608977371
35	234,375	3,94269878025519	1655	229,036375481222	9	-0,05939	-7,91866666666667	0,00023242853015487
36	238,28125	3,87986692718339	1676	227,25823403929	13,89	-0,09239	-12,3186666666667	0,000267834413513454
37	242,1875	3,82488905574557	1696	225,7023602776	17,19	-0,11504	-15,3386666666667	0,000583153136335967
38	246,09375	3,77776516594173	1717	224,368754196151	18,735	-0,12539	-16,7186666666667	0,00106133351766924
39	250	3,7227872945039	1737	222,812880434461	18,57	-0,12434	-16,5786666666667	0,00135248189258297
40	253,90625	3,67566340470006	1757	221,479274353012	15,645	-0,10499	-13,9986666666667	0,00104448931259021
41	257,8125	3,62853951489621	1777	220,145668271563	11,535	-0,07739	-10,3186666666667	0,000563902028819971
42	261,71875	3,58141562509236	1797	218,812062190114	6,315	-0,04274	-5,69866666666667	0,000226067289252553
43	265,625	3,54214571692249	1816	217,700723788907	0,9	-0,00674	-0,898666666666667	0,000206052883914862
44	269,53125	3,50287580875262	1834	216,589385387699	-3,93	0,02491	3,32133333333333	0,000186986156483317
45	273,4375	3,46360590058275	1852	215,478046986492	-8,97	0,05866	7,82133333333333	0,000183228264448413
46	277,34375	3,43218997404685	1869	214,588976265526	-13,86	0,09151	12,2013333333333	0,000169922894531349
47	281,25	3,40077404751095	1885	213,69990554456	-17,16	0,11416	15,2213333333333	0,00018124228169085
48	285,15625	3,36935812097505	1900	212,810834823594	-18,69	0,12466	16,6213333333333	0,00018323710112021
49	289,0625	3,34579617607313	1915	212,14403178287	-18,555	0,12391	16,5213333333333	0,000184174774116591
50	292,96875	3,31438024953723	1929	211,254961061904	-15,645	0,10471	13,9613333333333	0,000176154763290757
51	296,875	3,29867228626928	1942	210,810425701421	-11,52	0,07711	10,2813333333333	0,00016731618800097
52	300,78125	3,27511034136736	1954	210,143622660696	-6,3	0,04216	5,62133333333333	0,000161659911993826
53	304,6875	3,25940237809941	1965	209,699087300213	-0,885	0,00616	0,821333333333333	0,000170669613721949
54	308,59375	3,24369441483146	1976	209,25455193973	3,9	-0,02534	-3,37866666666667	0,000174008413321442
55	312,5	3,23584043319749	1985	209,032284259489	8,925	-0,05894	-7,85866666666667	0,000171742723350636
56	316,40625	3,22013246992954	1993	208,587748899006	13,845	-0,09209	-12,2786666666667	0,000170126497440519
57	320,3125	3,22013246992954	1999	208,587748899006	17,16	-0,11474	-15,2986666666667	0,000167855508189801
58	324,21875	3,21227848829556	2005	208,365481218764	18,72	-0,12524	-16,6986666666667	0,000168667229339045
59	328,125	3,21227848829556	2010	208,365481218764	18,585	-0,12449	-16,5986666666667	0,000161808261876566
60	332,03125	3,22013246992954	2013	208,587748899006	15,705	-0,10559	-14,0786666666667	0,000152383491189943
61	335,9375	3,22013246992954	2016	208,587748899006	11,595	-0,07784	-10,3786666666667	0,000160688089141459
62	339,84375	3,22798645156351	2017	208,810016579247	6,39	-0,04334	-5,77866666666667	0,000350405011402323
63	343,75	3,24369441483146	2016	209,25455193973	0,975	-0,00704	-0,938666666666667	0,000875271214117781
64	347,65625	3,25940237809941	2015	209,699087300213	-3,84	0,02446	3,26133333333333	0,00133209342235013
65	351,5625	3,27511034136736	2012	210,143622660696	-8,88	0,05806	7,74133333333333	0,00133989343953411
66	355,46875	3,29081830463531	2008	210,588158021179	-13,8	0,09121	12,1613333333333	0,000823143221525072
67	359,375	3,30652626790326	2004	211,032693381662	-17,13	0,11386	15,1813333333333	0,00034856916083927
68	363,28125	3,33794219443916	1998	211,921764102628	-18,69	0,12466	16,6213333333333	0,000164482976740215
69	367,1875	3,36935812097505	1991	212,810834823594	-18,585	0,12406	16,5413333333333	0,000166894944264875
70	371,09375	3,39292006587698	1984	213,477637864318	-15,705	0,10516	14,0213333333333	0,000164709707493322
71	375	3,42433599241287	1975	214,366708585284	-11,58	0,07741	10,3213333333333	0,000146579542006666
72	378,90625	3,46360590058275	1965	215,478046986492	-6,375	0,04276	5,70133333333333	0,000135996343557075
73	382,8125	3,49502182711865	1955	216,367117707458	-0,975	0,00661	0,881333333333333	0,000127732162826765
74	386,71875	3,54214571692249	1943	217,700723788907	3,825	-0,02474	-3,29866666666667	0,000142190559108181
75	390,625	3,58141562509236	1931	218,812062190114	8,82	-0,05834	-7,77866666666667	0,000151913498708031
76	394,53125	3,62068553326224	1919	219,923400591321	13,785	-0,09149	-12,1986666666667	0,000160594449013646
77	398,4375	3,67566340470006	1905	221,479274353012	17,115	-0,11444	-15,2586666666667	0,000150511362617127
78	402,34375	3,71493331286993	1890	222,590612754219	18,705	-0,12524	-16,6986666666667	0,000143813282490997
79	406,25	3,76991118430775	1875	224,146486515909	18,63	-0,12464	-16,6186666666667	0,000134556769387938
80	410,15625	3,82488905574557	1860	225,7023602776	15,765	-0,10574	-14,0986666666667	0,000134810660992972
81	414,0625	3,88772090881737	1843	227,480501719532	11,655	-0,07829	-10,4386666666667	0,000136242400615187
82	417,96875	3,94269878025519	1827	229,036375481222	6,48	-0,04394	-5,85866666666667	0,000141772572277931
83	421,875	4,00553063332699	1811	230,814516923154	1,05	-0,00764	-1,01866666666667	0,000138205928150673
84	425,78125	4,06836248639878	1794	232,592658365086	-3,765	0,02401	3,20133333333333	0,000135857168018644
85	429,6875	4,13119433947058	1776	234,370799807017	-8,79	0,05761	7,68133333333333	0,000128365625567429
86	433,59375	4,20188017417635	1758	236,371208929191	-13,74	0,09076	12,1013333333333	0,000134319804979172
87	437,5	4,26471202724814	1740	238,149350371122	-17,085	0,11356	15,1413333333333	0,000136174972316152
88	441,40625	4,33539786195391	1722	240,149759493296	-18,675	0,12451	16,6013333333333	0,000194042983699089
89	445,3125	4,41393767829366	1703	242,372436295711	-18,615	0,12436	16,5813333333333	0,000388293562467858
90	449,21875	4,48462351299943	1685	244,372845417884	-15,78	0,10561	14,0813333333333	0,000501167639131434
91	453,125	4,5553093477052	1666	246,373254540057	-11,655	0,07786	10,3813333333333	0,000455105797066326
92	457,03125	4,63384916404494	1647	248,595931342472	-6,465	0,04351	5,80133333333333	0,000247109716769025
93	460,9375	4,70453499875071	1629	250,596340464645	-1,035	0,00721	0,961333333333333	0,000129282587529187
94	464,84375	4,79092879672443	1609	253,041284947301	3,75	-0,02429	-3,23866666666667	0,000126803003807078
95	468,75	4,8616146314302	1590	255,041694069475	8,745	-0,05774	-7,69866666666667	0,000130992732691573
96	472,65625	4,9558624110379	1570	257,708906232373	13,71	-0,09104	-12,1386666666667	0,000126793565315723
97	476,5625	5,03440222737764	1551	259,931583034787	17,085	-0,11414	-15,2186666666667	0,000127168692245382
98	480,46875	5,10508806208341	1532	261,931992156961	18,69	-0,12524	-16,6986666666667	0,000127365397376537
99	484,375	5,19933584169111	1512	264,599204319858	18,645	-0,12494	-16,6586666666667	0,000131113156512903
100	488,28125	5,27787565803085	1493	266,821881122273	15,825	-0,10634	-14,1786666666667	0,000132050709690005
101	492,1875	5,36426945600457	1474	269,266825604929	11,73	-0,07874	-10,4986666666667	0,000131796502197782
102	496,09375	5,45851723561227	1455	271,934037767827	6,57	-0,04439	-5,91866666666667	0,000135412074799775
103	500	5,54491103358598	1436	274,378982250483	1,125	-0,00824	-1,09866666666667	7,32038932585577E-05
104		5,6313048315597	1418	276,82392673314	-3,69	0,02356	3,14133333333333	
105		5,70984464789945	1400	279,046603535554	-8,685	0,05686	7,58133333333333	
106		5,79623844587317	1382	281,491548018211	-13,68	0,09031	12,0413333333333	
107		5,89048622548086	1365	284,158760181108	-17,055	0,11356	15,1413333333333	
108		5,96902604182061	1348	286,381436983523	-18,675	0,12436	16,5813333333333	
109		6,04756585816035	1331	288,604113785938	-18,63	0,12436	16,5813333333333	
110		6,14181363776805	1314	291,271325948836	-15,825	0,10591	14,1213333333333	
111		6,21249947247382	1298	293,271735071009	-11,715	0,07816	10,4213333333333	
112		6,29889327044754	1282	295,716679553665	-6,555	0,04396	5,86133333333333	
113		6,38528706842125	1266	298,161624036321	-1,125	0,00766	1,02133333333333	
114		6,45597290312702	1251	300,162033158495	3,675	-0,02384	-3,17866666666667	
115		6,54236670110074	1236	302,606977641151	8,655	-0,05714	-7,61866666666667	
116		6,61305253580651	1222	304,607386763324	13,635	-0,09074	-12,0986666666667	
117		6,69944633378023	1208	307,052331245981	17,055	-0,11399	-15,1986666666667	
118		6,770132168486	1194	309,052740368154	18,69	-0,12509	-16,6786666666667	
119		6,84867198482575	1181	311,275417170569	18,675	-0,12494	-16,6586666666667	
120		6,92721180116549	1169	313,498093972984	15,885	-0,10649	-14,1986666666667	
121		6,99004365423729	1157	315,276235414915	11,79	-0,07919	-10,5586666666667	
122		7,05287550730909	1146	317,054376856847	6,66	-0,04499	-5,99866666666667	
123		7,13141532364883	1135	319,277053659262	1,2	-0,00854	-1,13866666666667	
124		7,19424717672063	1124	321,055195101194	-3,63	0,02311	3,08133333333333	
125		7,27278699306037	1115	323,277871903608	-8,61	0,05656	7,54133333333333	
126		7,31991088286422	1106	324,611477985057	-13,62	0,08986	11,9813333333333	
127		7,37488875430204	1096	326,167351746748	-17,025	0,11311	15,0813333333333	
128		7,43772060737383	1088	327,94549318868	-18,645	0,12436	16,5813333333333	
129		7,49269847881166	1079	329,50136695037	-18,66	0,12451	16,6013333333333	
130		7,55553033188345	1072	331,279508392302	-15,87	0,10621	14,1613333333333	
131		7,58694625841935	1064	332,168579113268	-11,775	0,07876	10,5013333333333	
132		7,6340701482232	1057	333,502185194717	-6,645	0,04471	5,96133333333333	
133		7,68119403802704	1049	334,835791276165	-1,185	0,00826	1,10133333333333	
134		7,72831792783089	1043	336,169397357614	3,615	-0,02339	-3,11866666666667	
135		7,77544181763474	1037	337,503003439063	8,565	-0,05654	-7,53866666666667	
136		7,81471172580461	1031	338,61434184027	13,575	-0,09029	-12,0386666666667	
137		7,85398163397448	1024	339,725680241478	17,025	-0,11384	-15,1786666666667	
138		7,86183561560846	1018	339,947947921719	18,675	-0,12509	-16,6786666666667	
139		7,9089595054123	1011	341,281554003168	18,69	-0,12524	-16,6986666666667	
140		7,92466746868025	1005	341,726089363651	15,93	-0,10709	-14,2786666666667	
141		7,9403754319482	1000	342,170624724134	11,85	-0,07964	-10,6186666666667	
142		7,96393737685013	995	342,837427764859	6,75	-0,04574	-6,09866666666667	
143		7,98749932175205	991	343,504230805583	1,275	-0,00929	-1,23866666666667	
144		7,99535330338602	989	343,726498485824	-3,555	0,02266	3,02133333333333	
145		8,00320728502	988	343,948766166066	-8,52	0,05581	7,44133333333333	
