MIN=-50	0	0	-2000	0	-30	-0,3	0	0
MAX=210	500	15	2000	250	30	0,3	20	0,105
SCALE=260	500	5	1000	100	10	0,1	10	0,05
DEC=0	0	2	0	1	2	4	2	4
DEF="Zeit" t / ms	"Frequenz" f / Hz	"Weg" s_A1 / cm	"Relativdruck" p_B1 / hPa	"Volumen" V / cm^3	"Spannung" U_B1 / V	"Spannung" U_A1 / V	"Heizstrom I" I / A	"Motorrotation" f_1 / 0
-50	0	7,53196838698153	993	330,612705351577	7,47	-0,04904	-6,53866666666667	0,000788037261972025
-49	1,953125	7,5398223686155	992	330,834973031819	2,625	-0,01739	-2,31866666666667	0,000917826789891583
-48	3,90625	7,56338431351743	991	331,501776072543	-1,575	0,00946	1,26133333333333	0,000994500172435095
-47	5,859375	7,56338431351743	990	331,501776072543	-5,865	0,03736	4,98133333333333	0,000600077704280272
-46	7,8125	7,59480024005333	991	332,390846793509	-10,23	0,06646	8,86133333333333	0,000873274751492844
-45	9,765625	7,58694625841935	991	332,168579113268	-13,56	0,08866	11,8213333333333	0,000584932422386732
-44	11,71875	7,59480024005333	991	332,390846793509	-15,435	0,10126	13,5013333333333	0,000923581100229559
-43	13,671875	7,59480024005333	990	332,390846793509	-16,035	0,10531	14,0413333333333	0,000671456336004524
-42	15,625	7,61050820332127	990	332,835382153992	-14,4	0,09481	12,6413333333333	0,000989625765674416
-41	17,578125	7,6026542216873	990	332,613114473751	-11,085	0,07306	9,74133333333333	0,000777715110573275
-40	19,53125	7,59480024005333	989	332,390846793509	-7,47	0,04861	6,48133333333333	0,001057971639994
-39	21,484375	7,61050820332127	988	332,835382153992	-2,625	0,01711	2,28133333333333	0,000913760542755383
-38	23,4375	7,61050820332127	989	332,835382153992	1,575	-0,01004	-1,33866666666667	0,00117218925464199
-37	25,390625	7,6026542216873	989	332,613114473751	5,865	-0,03764	-5,01866666666667	0,00111558462468144
-36	27,34375	7,59480024005333	990	332,390846793509	10,215	-0,06674	-8,89866666666667	0,00130429607013176
-35	29,296875	7,61050820332127	991	332,835382153992	13,56	-0,08924	-11,8986666666667	0,00136095094155534
-34	31,25	7,5712382951514	992	331,724043752785	15,45	-0,10184	-13,5786666666667	0,00144885237760471
-33	33,203125	7,56338431351743	993	331,501776072543	16,065	-0,10574	-14,0986666666667	0,00173223335510013
-32	35,15625	7,58694625841935	995	332,168579113268	14,415	-0,09524	-12,6986666666667	0,00160329075266118
-31	37,109375	7,54767635024948	997	331,05724071206	11,115	-0,07349	-9,79866666666667	0,00232509338079284
-30	39,0625	7,52411440534755	998	330,390437671336	7,515	-0,04949	-6,59866666666667	0,00170843464490098
-29	41,015625	7,51626042371358	999	330,168169991094	2,685	-0,01769	-2,35866666666667	0,00324022702844207
-28	42,96875	7,48484449717768	1000	329,279099270128	-1,515	0,00916	1,22133333333333	0,00933192175067248
-27	44,921875	7,47699051554371	1001	329,056831589887	-5,805	0,03691	4,92133333333333	0,0413823890503339
-26	46,875	7,44557458900781	1002	328,167760868921	-10,17	0,06601	8,80133333333333	0,096485966010112
-25	48,828125	7,42986662573986	1003	327,723225508438	-13,53	0,08851	11,8013333333333	0,148546701190115
-24	50,78125	7,39845069920396	1004	326,834154787472	-15,42	0,10111	13,4813333333333	0,153311977898024
-23	52,734375	7,37488875430204	1006	326,167351746748	-16,05	0,10546	14,0613333333333	0,106871293422363
-22	54,6875	7,35132680940012	1007	325,500548706023	-14,415	0,09496	12,6613333333333	0,0489468438643605
-21	56,640625	7,31205690123024	1009	324,389210304816	-11,13	0,07321	9,76133333333333	0,0126937996039445
-20	58,59375	7,29634893796229	1012	323,944674944333	-7,515	0,04906	6,54133333333333	0,00328420547918342
-19	60,546875	7,24922504815845	1014	322,611068862884	-2,685	0,01741	2,32133333333333	0,00194913478589606
-18	62,5	7,22566310325652	1017	321,94426582216	1,53	-0,00959	-1,27866666666667	0,00203198598433728
-17	64,453125	7,19424717672063	1021	321,055195101194	5,79	-0,03719	-4,95866666666667	0,0010739511371344
-16	66,40625	7,14712328691678	1024	319,721589019745	10,17	-0,06644	-8,85866666666667	0,00157362351129795
-15	68,359375	7,10785337874691	1027	318,610250618537	13,53	-0,08894	-11,8586666666667	0,00103048123847479
-14	70,3125	7,07643745221101	1031	317,721179897572	15,435	-0,10169	-13,5586666666667	0,00123313925732141
-13	72,265625	7,02931356240716	1034	316,387573816123	16,065	-0,10589	-14,1186666666667	0,000925960354649701
-12	74,21875	6,98218967260332	1038	315,053967734674	14,46	-0,09554	-12,7386666666667	0,00102313793481995
-11	76,171875	6,94291976443344	1042	313,942629333466	11,175	-0,07394	-9,85866666666667	0,000855628244036459
-10	78,125	6,91150383789754	1046	313,053558612501	7,575	-0,04979	-6,63866666666667	0,000840892023282033
-9	80,078125	6,85652596645972	1050	311,49768485081	2,745	-0,01814	-2,41866666666667	0,000745989011165283
-8	82,03125	6,81725605828985	1055	310,386346449603	-1,47	0,00871	1,16133333333333	0,000691496178336527
-7	83,984375	6,76227818685203	1059	308,830472687912	-5,745	0,03646	4,86133333333333	0,000684879463294457
-6	85,9375	6,71515429704818	1065	307,496866606464	-10,11	0,06571	8,76133333333333	0,000609654276649614
-5	87,890625	6,66803040724434	1070	306,163260525015	-13,485	0,08821	11,7613333333333	0,000638531185543857
-4	89,84375	6,61305253580651	1076	304,607386763324	-15,405	0,10111	13,4813333333333	0,000517285275504964
-3	91,796875	6,56592864600267	1081	303,273780681875	-16,035	0,10546	14,0613333333333	0,000565072557250202
-2	93,75	6,51095077456485	1087	301,717906920185	-14,46	0,09511	12,6813333333333	0,000446505180891903
-1	95,703125	6,45597290312702	1093	300,162033158495	-11,16	0,07351	9,80133333333333	0,000524863365224038
0	97,65625	6,39314105005523	1100	298,383891716563	-7,56	0,04936	6,58133333333333	0,000395634679045257
1	99,609375	6,35387114188536	1106	297,272553315356	-2,76	0,01786	2,38133333333333	0,000478341654513988
2	101,5625	6,29103928881356	1113	295,494411873424	1,47	-0,00929	-1,23866666666667	0,000322580548053272
3	103,515625	6,22820743574176	1120	293,716270431492	5,73	-0,03689	-4,91866666666667	0,000425321506728843
4	105,46875	6,17322956430394	1127	292,160396669802	10,125	-0,06599	-8,79866666666667	0,000281376732063705
5	107,421875	6,11039771123215	1134	290,38225522787	13,5	-0,08879	-11,8386666666667	0,000410346407086456
6	109,375	6,05541983979433	1141	288,826381466179	15,42	-0,10169	-13,5586666666667	0,000256412077366849
7	111,328125	5,99258798672253	1149	287,048240024248	16,065	-0,10589	-14,1186666666667	0,000378642748627398
8	113,28125	5,92975613365073	1157	285,270098582316	14,505	-0,09569	-12,7586666666667	0,000223350727224144
9	115,234375	5,86692428057894	1165	283,491957140384	11,235	-0,07439	-9,91866666666667	0,000347246514040962
10	117,1875	5,80409242750714	1174	281,713815698452	7,62	-0,05009	-6,67866666666667	0,000210351010934375
11	119,140625	5,74126057443535	1183	279,93567425652	2,805	-0,01859	-2,47866666666667	0,000338388023491221
12	121,09375	5,67842872136355	1191	278,157532814588	-1,41	0,00856	1,14133333333333	0,000211323937936418
13	123,046875	5,60774288665778	1201	276,157123692415	-5,685	0,03601	4,80133333333333	0,000321874273691141
14	125	5,54491103358598	1211	274,378982250483	-10,095	0,06541	8,72133333333333	0,000216955725831547
15	126,953125	5,48993316214816	1220	272,823108488793	-13,47	0,08806	11,7413333333333	0,000334321481971448
16	128,90625	5,42710130907637	1230	271,044967046861	-15,39	0,10081	13,4413333333333	0,00023285419790795
17	130,859375	5,36426945600457	1241	269,266825604929	-16,035	0,10546	14,0613333333333	0,000308883219414972
18	132,8125	5,30143760293278	1251	267,488684162998	-14,49	0,09541	12,7213333333333	0,000223718665654404
19	134,765625	5,23860574986098	1262	265,710542721066	-11,22	0,07381	9,84133333333333	0,000309762619863981
20	136,71875	5,17577389678918	1273	263,932401279134	-7,62	0,04981	6,64133333333333	0,000274984794044403
21	138,671875	5,11294204371739	1284	262,154259837202	-2,805	0,01816	2,42133333333333	0,000328721671268858
22	140,625	5,05796417227957	1295	260,598386075512	1,425	-0,00884	-1,17866666666667	0,000313124030657198
23	142,578125	4,9872783375738	1307	258,597976953338	5,685	-0,03659	-4,87866666666667	0,000343518181778919
24	144,53125	4,924446484502	1319	256,819835511407	10,08	-0,06584	-8,77866666666667	0,00122171838792805
25	146,484375	4,8616146314302	1331	255,041694069475	13,455	-0,08834	-11,7786666666667	0,00302601397979534
26	148,4375	4,80663675999238	1343	253,485820307784	15,405	-0,10139	-13,5186666666667	0,00493551682238378
27	150,390625	4,74380490692059	1355	251,707678865853	16,065	-0,10589	-14,1186666666667	0,00529792927690849
28	152,34375	4,68882703548277	1367	250,151805104162	14,535	-0,09584	-12,7786666666667	0,00391802283082429
29	154,296875	4,63384916404494	1380	248,595931342472	11,28	-0,07454	-9,93866666666667	0,00195124792470329
30	156,25	4,57101731097315	1393	246,81778990054	7,665	-0,05039	-6,71866666666667	0,000691290894858682
31	158,203125	4,51603943953533	1405	245,26191613885	2,865	-0,01904	-2,53866666666667	0,000204188542233573
32	160,15625	4,44535360482956	1419	243,261507016676	-1,365	0,00826	1,10133333333333	0,000219377064613547
33	162,109375	4,39037573339174	1432	241,705633254986	-5,625	0,03571	4,76133333333333	0,000171957087927851
34	164,0625	4,32754388031994	1445	239,927491813054	-10,035	0,06496	8,66133333333333	0,000196561017484044
35	166,015625	4,27256600888212	1459	238,371618051364	-13,44	0,08776	11,7013333333333	0,000162061382356275
36	167,96875	4,2175881374443	1473	236,815744289674	-15,375	0,10096	13,4613333333333	0,000178965422328405
37	169,921875	4,1547562843725	1487	235,037602847742	-16,035	0,10516	14,0213333333333	0,000154843732315005
38	171,875	4,09977841293468	1502	233,481729086051	-14,52	0,09571	12,7613333333333	0,000173951131630675
39	173,828125	4,04480054149686	1516	231,925855324361	-11,265	0,07411	9,88133333333333	0,000143512341254516
40	175,78125	3,98982267005904	1531	230,369981562671	-7,65	0,05011	6,68133333333333	0,000163258856226658
41	177,734375	3,93484479862122	1545	228,81410780098	-2,865	0,01861	2,48133333333333	0,000139641332871841
42	179,6875	3,87986692718339	1560	227,25823403929	1,38	-0,00869	-1,15866666666667	0,000162552567591384
43	181,640625	3,83274303737955	1574	225,924627957841	5,61	-0,03614	-4,81866666666667	0,00012467998897093
44	183,59375	3,7856191475757	1588	224,591021876392	10,035	-0,06554	-8,73866666666667	0,000158985570016035
45	185,546875	3,73849525777185	1603	223,257415794943	13,44	-0,08834	-11,7786666666667	0,000131069029542221
46	187,5	3,69137136796801	1617	221,923809713495	15,39	-0,10139	-13,5186666666667	0,000159674127839534
47	189,453125	3,65210145979813	1631	220,812471312287	16,065	-0,10589	-14,1186666666667	0,000106695482785674
48	191,40625	3,59712358836031	1645	219,256597550597	14,565	-0,09614	-12,8186666666667	0,000149254476601593
49	193,359375	3,56570766182442	1659	218,367526829631	11,325	-0,07484	-9,97866666666667	0,000118499206043637
50	195,3125	3,51858377202057	1673	217,033920748182	7,71	-0,05069	-6,75866666666667	0,000157461835292678
51	197,265625	3,47145988221672	1687	215,700314666733	2,925	-0,01919	-2,55866666666667	0,000105699129987836
52	199,21875	3,43218997404685	1702	214,588976265526	-1,32	0,00781	1,04133333333333	0,000142918064676482
53	201,171875	3,40077404751095	1715	213,69990554456	-5,55	0,03526	4,70133333333333	0,000105453207303852
54	203,125	3,36150413934108	1728	212,588567143353	-9,975	0,06466	8,62133333333333	0,000149070436912821
55	205,078125	3,32223423117121	1742	211,477228742145	-13,38	0,08746	11,6613333333333	9,82581739495883E-05
56	207,03125	3,29081830463531	1754	210,588158021179	-15,345	0,10081	13,4413333333333	0,000139708681588714
57	208,984375	3,25154839646544	1767	209,476819619972	-16,035	0,10546	14,0613333333333	8,87321838145626E-05
58	210,9375	3,22013246992954	1780	208,587748899006	-14,55	0,09571	12,7613333333333	0,000134236361274774
59	212,890625	3,18871654339364	1792	207,69867817804	-11,31	0,07441	9,92133333333333	9,34932734174975E-05
60	214,84375	3,15730061685774	1804	206,809607457074	-7,695	0,05041	6,72133333333333	0,000137359751352748
61	216,796875	3,12588469032184	1816	205,920536736108	-2,94	0,01906	2,54133333333333	9,57197195696876E-05
62	218,75	3,10232274541992	1827	205,253733695384	1,32	-0,00824	-1,09866666666667	0,000135115665380069
63	220,703125	3,078760800518	1838	204,586930654659	5,535	-0,03554	-4,73866666666667	9,49738675664211E-05
64	222,65625	3,05519885561607	1849	203,920127613935	9,975	-0,06494	-8,65866666666667	0,000132319653028501
65	224,609375	3,03163691071415	1859	203,25332457321	13,38	-0,08789	-11,7186666666667	9,2318436751763E-05
66	226,5625	3,00807496581223	1869	202,586521532486	15,36	-0,10124	-13,4986666666667	0,0001237234332638
67	228,515625	2,9845130209103	1879	201,919718491762	16,05	-0,10589	-14,1186666666667	9,80375834180477E-05
68	230,46875	2,96880505764235	1888	201,475183131279	14,595	-0,09644	-12,8586666666667	0,000130078728556976
69	232,421875	2,95309709437441	1896	201,030647770796	11,37	-0,07529	-10,0386666666667	0,000107517717513202
70	234,375	2,92168116783851	1905	200,14157704983	7,755	-0,05114	-6,81866666666667	0,000129963542509581
71	236,328125	2,91382718620453	1913	199,919309369588	3	-0,01964	-2,61866666666667	0,0001063148483948
72	238,28125	2,89026524130261	1920	199,252506328864	-1,26	0,00751	1,00133333333333	0,000116827524841631
73	240,234375	2,88241125966864	1927	199,030238648622	-5,49	0,03481	4,64133333333333	0,000111755328003132
74	242,1875	2,87455727803466	1934	198,807970968381	-9,93	0,06436	8,58133333333333	0,000121068248660857
75	244,140625	2,85884931476671	1940	198,363435607898	-13,35	0,08716	11,6213333333333	0,000216135077207025
76	246,09375	2,85099533313274	1945	198,141167927656	-15,33	0,10066	13,4213333333333	0,000435886579883281
77	248,046875	2,84314135149876	1950	197,918900247415	-16,035	0,10546	14,0613333333333	0,000708381563310879
78	250	2,83528736986479	1955	197,696632567174	-14,595	0,09601	12,8013333333333	0,000828016820538546
79	251,953125	2,82743338823081	1959	197,474364886932	-11,37	0,07486	9,98133333333333	0,000677282789943319
80	253,90625	2,82743338823081	1963	197,474364886932	-7,74	0,05071	6,76133333333333	0,000389838353926994
81	255,859375	2,82743338823081	1966	197,474364886932	-2,985	0,01936	2,58133333333333	0,000180337001780098
82	257,8125	2,81957940659684	1968	197,252097206691	1,26	-0,00794	-1,05866666666667	0,000103336532325466
83	259,765625	2,81957940659684	1971	197,252097206691	5,49	-0,03524	-4,69866666666667	0,00011878140570446
84	261,71875	2,81957940659684	1972	197,252097206691	9,945	-0,06479	-8,63866666666667	0,000102171397828622
85	263,671875	2,81957940659684	1974	197,252097206691	13,35	-0,08774	-11,6986666666667	0,000106492120829693
86	265,625	2,82743338823081	1975	197,474364886932	15,345	-0,10124	-13,4986666666667	9,93111920168345E-05
87	267,578125	2,83528736986479	1975	197,696632567174	16,05	-0,10589	-14,1186666666667	0,000108889432559753
88	269,53125	2,84314135149876	1975	197,918900247415	14,64	-0,09659	-12,8786666666667	9,05805370873875E-05
89	271,484375	2,84314135149876	1974	197,918900247415	11,43	-0,07559	-10,0786666666667	0,000109328531528113
90	273,4375	2,84314135149876	1973	197,918900247415	7,815	-0,05159	-6,87866666666667	0,000100797138594348
91	275,390625	2,86670329640069	1970	198,585703288139	3,045	-0,02009	-2,67866666666667	0,000116209999097947
92	277,34375	2,87455727803466	1969	198,807970968381	-1,2	0,00721	0,961333333333333	8,88052828238842E-05
93	279,296875	2,88241125966864	1966	199,030238648622	-5,43	0,03451	4,60133333333333	9,39575091746575E-05
94	281,25	2,90597320457056	1962	199,697041689347	-9,885	0,06406	8,54133333333333	6,15010994318801E-05
95	283,203125	2,91382718620453	1959	199,919309369588	-13,32	0,08701	11,6013333333333	9,60624837441463E-05
96	285,15625	2,94524311274043	1955	200,808380090554	-15,315	0,10051	13,4013333333333	9,3400232151322E-05
97	287,109375	2,95309709437441	1951	201,030647770796	-16,035	0,10531	14,0413333333333	0,000127012463165197
98	289,0625	2,96880505764235	1945	201,475183131279	-14,64	0,09631	12,8413333333333	8,62949456434369E-05
99	291,015625	3,00022098417825	1940	202,364253852245	-11,415	0,07516	10,0213333333333	9,31256293708109E-05
100	292,96875	3,0159289474462	1933	202,808789212728	-7,785	0,05101	6,80133333333333	6,83645409142948E-05
101	294,921875	3,03949089234813	1927	203,475592253452	-3,045	0,01966	2,62133333333333	9,14314974070851E-05
102	296,875	3,06305283725005	1920	204,142395294176	1,215	-0,00764	-1,01866666666667	5,97177844109206E-05
103	298,828125	3,08661478215197	1913	204,809198334901	5,43	-0,03479	-4,63866666666667	9,26059825966756E-05
104	300,78125	3,11803070868787	1906	205,698269055867	9,9	-0,06449	-8,59866666666667	6,97122074991921E-05
105	302,734375	3,14159265358979	1898	206,365072096591	13,305	-0,08729	-11,6386666666667	0,000107745950420698
106	304,6875	3,16515459849172	1890	207,031875137316	15,33	-0,10094	-13,4586666666667	7,40794118822078E-05
107	306,640625	3,19657052502761	1882	207,920945858281	16,05	-0,10589	-14,1186666666667	9,51409400565642E-05
108	308,59375	3,23584043319749	1874	209,032284259489	14,67	-0,09689	-12,9186666666667	6,79529097173863E-05
109	310,546875	3,27511034136736	1864	210,143622660696	11,46	-0,07574	-10,0986666666667	0,000102546139195619
110	312,5	3,30652626790326	1854	211,032693381662	7,845	-0,05174	-6,89866666666667	7,50781224248396E-05
111	314,453125	3,34579617607313	1844	212,14403178287	3,105	-0,02039	-2,71866666666667	9,40565442687821E-05
112	316,40625	3,37721210260903	1833	213,033102503835	-1,155	0,00676	0,901333333333333	5,89580446396066E-05
113	318,359375	3,4164820107789	1823	214,144440905043	-5,385	0,03421	4,56133333333333	8,29760857654372E-05
114	320,3125	3,45575191894877	1812	215,25577930625	-9,84	0,06361	8,48133333333333	7,17070647711612E-05
115	322,265625	3,49502182711865	1801	216,367117707458	-13,275	0,08671	11,5613333333333	9,61324506906714E-05
116	324,21875	3,54214571692249	1790	217,700723788907	-15,3	0,10036	13,3813333333333	7,92581095606431E-05
117	326,171875	3,57356164345839	1778	218,589794509872	-16,035	0,10531	14,0413333333333	8,68722782166982E-05
118	328,125	3,62068553326224	1767	219,923400591321	-14,655	0,09661	12,8813333333333	6,60151057658981E-05
119	330,078125	3,66780942306608	1755	221,25700667277	-11,46	0,07546	10,0613333333333	7,84852117357126E-05
120	332,03125	3,71493331286993	1743	222,590612754219	-7,83	0,05146	6,86133333333333	6,84478666305085E-05
121	333,984375	3,76205720267378	1731	223,924218835668	-3,105	0,02011	2,68133333333333	8,10262236844077E-05
122	335,9375	3,8170350741116	1718	225,480092597358	1,155	-0,00734	-0,978666666666667	7,01760641259937E-05
123	337,890625	3,85630498228147	1705	226,591430998566	5,37	-0,03449	-4,59866666666667	6,92946797101205E-05
124	339,84375	3,91913683535327	1692	228,369572440497	9,84	-0,06404	-8,53866666666667	4,9823025327133E-05
125	341,796875	3,96626072515711	1680	229,703178521946	13,275	-0,08714	-11,6186666666667	6,85528589776535E-05
126	343,75	4,01338461496096	1667	231,036784603395	15,315	-0,10094	-13,4586666666667	0,000215701090700039
127	345,703125	4,06836248639878	1653	232,592658365086	16,05	-0,10589	-14,1186666666667	0,000686274431074944
128	347,65625	4,1233403578366	1640	234,148532126776	14,715	-0,09719	-12,9586666666667	0,00136909084358891
129	349,609375	4,17831822927443	1627	235,704405888466	11,52	-0,07619	-10,1586666666667	0,00180109393322605
130	351,5625	4,23329610071225	1613	237,260279650157	7,89	-0,05219	-6,95866666666667	0,00156017592697765
131	353,515625	4,28827397215007	1600	238,816153411847	3,165	-0,02084	-2,77866666666667	0,000853071655628496
132	355,46875	4,35110582522186	1587	240,594294853779	-1,095	0,00646	0,861333333333333	0,000265043413523456
133	357,421875	4,41393767829366	1573	242,372436295711	-5,31	0,03376	4,50133333333333	5,99595812645338E-05
134	359,375	4,47676953136545	1559	244,150577737642	-9,795	0,06346	8,46133333333333	6,57417982731057E-05
135	361,328125	4,53174740280328	1545	245,706451499333	-13,245	0,08671	11,5613333333333	7,67937925612104E-05
136	363,28125	4,5867252742411	1531	247,262325261023	-15,285	0,10006	13,3413333333333	7,28988231398822E-05
137	365,234375	4,64170314567892	1518	248,818199022713	-16,02	0,10531	14,0413333333333	8,0416437552464E-05
138	367,1875	4,70453499875071	1504	250,596340464645	-14,7	0,09676	12,9013333333333	9,03307231878184E-05
139	369,140625	4,76736685182251	1491	252,374481906577	-11,505	0,07576	10,1013333333333	8,70252827403646E-05
140	371,09375	4,83019870489431	1478	254,152623348509	-7,875	0,05161	6,88133333333333	8,60789751498407E-05
141	373,046875	4,8930305579661	1464	255,930764790441	-3,15	0,02056	2,74133333333333	6,56107529798002E-05
142	375	4,9558624110379	1451	257,708906232373	1,11	-0,00704	-0,938666666666667	7,63011139985245E-05
143	376,953125	5,0186942641097	1437	259,487047674304	5,31	-0,03404	-4,53866666666667	6,81714672181341E-05
144	378,90625	5,08152611718149	1424	261,265189116236	9,795	-0,06374	-8,49866666666667	9,95495053315071E-05
145	380,859375	5,16006593352124	1410	263,487865918651	13,245	-0,08699	-11,5986666666667	8,71346328564531E-05
146	382,8125	5,22289778659303	1397	265,266007360583	15,3	-0,10079	-13,4386666666667	0,00010320994203689
147	384,765625	5,28572963966483	1385	267,044148802515	16,05	-0,10589	-14,1186666666667	6,98368280940472E-05
148	386,71875	5,3564154743706	1372	269,044557924688	14,73	-0,09734	-12,9786666666667	7,88707641163891E-05
149	388,671875	5,41139334580842	1360	270,600431686378	11,565	-0,07664	-10,2186666666667	6,14996623048038E-05
150	390,625	5,48207918051419	1348	272,600840808552	7,935	-0,05249	-6,99866666666667	9,26809139207177E-05
151	392,578125	5,54491103358598	1336	274,378982250483	3,225	-0,02129	-2,83866666666667	7,22475967216537E-05
152	394,53125	5,59988890502381	1324	275,934856012174	-1,05	0,00616	0,821333333333333	9,56098038803115E-05
153	396,484375	5,6627207580956	1312	277,712997454106	-5,265	0,03331	4,44133333333333	5,7628512528807E-05
154	398,4375	5,7255526111674	1300	279,491138896037	-9,75	0,06316	8,42133333333333	8,13647027937446E-05
155	400,390625	5,78838446423919	1288	281,269280337969	-13,215	0,08641	11,5213333333333	5,70499952846845E-05
156	402,34375	5,85907029894496	1277	283,269689460142	-15,285	0,10021	13,3613333333333	8,81718532307166E-05
157	404,296875	5,91404817038279	1266	284,825563221833	-16,02	0,10546	14,0613333333333	6,06430275187296E-05
158	406,25	5,97688002345458	1255	286,603704663765	-14,745	0,09706	12,9413333333333	8,92701903108322E-05
159	408,203125	6,03971187652638	1243	288,381846105696	-11,55	0,07621	10,1613333333333	6,26036051617957E-05
160	410,15625	6,10254372959817	1233	290,159987547628	-7,905	0,05191	6,92133333333333	8,53260534804785E-05
161	412,109375	6,15752160103599	1223	291,715861309319	-3,21	0,02071	2,76133333333333	5,69693399843014E-05
162	414,0625	6,22035345410779	1213	293,49400275125	1,065	-0,00674	-0,898666666666667	8,50120273871897E-05
163	416,015625	6,26747734391164	1203	294,827608832699	5,265	-0,03374	-4,49866666666667	6,09156052970909E-05
164	417,96875	6,33030919698343	1193	296,605750274631	9,75	-0,06344	-8,45866666666667	7,83307236972554E-05
165	419,921875	6,38528706842125	1184	298,161624036321	13,215	-0,08669	-11,5586666666667	5,99246530996999E-05
166	421,875	6,45597290312702	1175	300,162033158495	15,285	-0,10064	-13,4186666666667	8,57691855037806E-05
167	423,828125	6,50309679293087	1166	301,495639239944	16,05	-0,10589	-14,1186666666667	7,17286216773064E-05
168	425,78125	6,55022068273472	1158	302,829245321393	14,775	-0,09764	-13,0186666666667	8,94156505864014E-05
169	427,734375	6,60519855417254	1150	304,385119083083	11,61	-0,07679	-10,2386666666667	6,67522993238493E-05
170	429,6875	6,66017642561036	1141	305,940992844773	7,98	-0,05279	-7,03866666666667	7,69648401216529E-05
171	431,640625	6,71515429704818	1134	307,496866606464	3,27	-0,02159	-2,87866666666667	5,74522512568825E-05
172	433,59375	6,76227818685203	1126	308,830472687912	-1,005	0,00586	0,781333333333333	7,0121460433664E-05
173	435,546875	6,80940207665588	1119	310,164078769361	-5,205	0,03286	4,38133333333333	6,59708411814609E-05
174	437,5	6,85652596645972	1112	311,49768485081	-9,705	0,06271	8,36133333333333	7,82270070122576E-05
175	439,453125	6,90364985626357	1105	312,831290932259	-13,17	0,08626	11,5013333333333	6,83100933344656E-05
176	441,40625	6,95862772770139	1098	314,387164693949	-15,255	0,10021	13,3613333333333	7,01352572104255E-05
177	443,359375	6,98218967260332	1091	315,053967734674	-16,02	0,10531	14,0413333333333	8,81431820549042E-05
178	445,3125	7,03716754404114	1085	316,609841496364	-14,775	0,09721	12,9613333333333	0,000245746537343638
179	447,265625	7,07643745221101	1079	317,721179897572	-11,61	0,07651	10,2013333333333	0,000530775875509699
180	449,21875	7,10785337874691	1073	318,610250618537	-7,965	0,05221	6,96133333333333	0,000759910849204922
181	451,171875	7,15497726855075	1068	319,943856699986	-3,27	0,02116	2,82133333333333	0,000686035773420699
182	453,125	7,19424717672063	1063	321,055195101194	1,005	-0,00629	-0,838666666666667	0,000382159745599004
183	455,078125	7,22566310325652	1058	321,94426582216	5,19	-0,03329	-4,43866666666667	0,000128932029608337
184	457,03125	7,2649330114264	1052	323,055604223367	9,705	-0,06314	-8,41866666666667	5,20804218976434E-05
185	458,984375	7,28849495632832	1048	323,722407264091	13,185	-0,08654	-11,5386666666667	7,47042900786318E-05
186	460,9375	7,33561884613217	1043	325,05601334554	15,27	-0,10064	-13,4186666666667	8,5999700329998E-05
187	462,890625	7,35132680940012	1036	325,500548706023	16,05	-0,10589	-14,1186666666667	8,01038842691087E-05
188	464,84375	7,38274273593601	1028	326,389619426989	14,82	-0,09779	-13,0386666666667	6,42274570619238E-05
189	466,796875	7,40630468083794	1021	327,056422467714	11,67	-0,07709	-10,2786666666667	6,49360757877772E-05
190	468,75	7,42986662573986	1014	327,723225508438	8,025	-0,05309	-7,07866666666667	6,69859595939346E-05
191	470,703125	7,46128255227576	1009	328,612296229404	3,33	-0,02204	-2,93866666666667	8,8249449172125E-05
192	472,65625	7,48484449717768	1003	329,279099270128	-0,945	0,00556	0,741333333333333	7,47179441239642E-05
193	474,609375	7,50055246044563	999	329,723634630611	-5,145	0,03256	4,34133333333333	8,49851920943836E-05
194	476,5625	7,5084064420796	997	329,945902310853	-9,645	0,06241	8,32133333333333	6,28093444881425E-05
195	478,515625	7,5398223686155	995	330,834973031819	-13,14	0,08596	11,4613333333333	7,80165236500374E-05
196	480,46875	7,5398223686155	993	330,834973031819	-15,225	0,09991	13,3213333333333	6,62263170584066E-05
197	482,421875	7,56338431351743	993	331,501776072543	-16,02	0,10531	14,0413333333333	8,57854122831219E-05
198	484,375	7,56338431351743	992	331,501776072543	-14,805	0,09751	13,0013333333333	5,72124887721692E-05
199	486,328125	7,59480024005333	992	332,390846793509	-11,655	0,07681	10,2413333333333	7,41204770524554E-05
200	488,28125	7,58694625841935	992	332,168579113268	-8,01	0,05251	7,00133333333333	4,80577778749139E-05
201	490,234375	7,59480024005333	992	332,390846793509	-3,33	0,02161	2,88133333333333	8,15153990825817E-05
202	492,1875	7,59480024005333	991	332,390846793509	0,96	-0,00614	-0,818666666666667	6,94430124556996E-05
203	494,140625	7,61050820332127	991	332,835382153992	5,145	-0,03299	-4,39866666666667	9,97510082106252E-05
204	496,09375	7,6026542216873	991	332,613114473751	9,645	-0,06284	-8,37866666666667	6,17900212969759E-05
205	498,046875	7,61050820332127	991	332,835382153992	13,14	-0,08639	-11,5186666666667	8,17587173640214E-05
206	500	7,6026542216873	991	332,613114473751	15,24	-0,10049	-13,3986666666667	4,4384785264131E-05
207		7,61050820332127	991	332,835382153992	16,035	-0,10589	-14,1186666666667	
208		7,6026542216873	992	332,613114473751	14,85	-0,09809	-13,0786666666667	
209		7,59480024005333	992	332,390846793509	11,7	-0,07739	-10,3186666666667	
210		7,61050820332127	993	332,835382153992	8,07	-0,05339	-7,11866666666667	
